<?xml version="1.0"?>
<opencv_storage>
<v2_loc_data type_id="opencv-matrix">
  <rows>12</rows>
  <cols>2</cols>
  <dt>f</dt>
  <data>
    7.04335693e+002 3.90580902e+002 5.48058472e+002 3.94533264e+002
    3.35892242e+002 3.94119720e+002 1.94169800e+002 3.79676422e+002
    6.90846863e+002 3.58162384e+002 5.53725098e+002 3.54664093e+002
    3.90734650e+002 3.51910095e+002 2.27286926e+002 3.43245117e+002
    7.13459229e+002 3.21314240e+002 5.76842468e+002 3.31792053e+002
    2.21131516e+002 3.18080414e+002 2.55217575e+002 3.18893036e+002</data></v2_loc_data>
</opencv_storage>
